1 -0.00536078 -0.0526731 0.0309568 0.0205811 -0.00888677 0.0351183 0.00300098 -0.0103839 0.00570871 0.0516783 -0.0111068 0.00272513 0.0200522 -0.00455398 -0.00449939 -0.0174149 0.00729866 -0.0230312 0.0205027 -0.0138496 0.014917 0.0165464 -0.0155371 -0.0230149 NA
-0.00536078 1 -0.113078 0.0282732 0.0392353 0.291328 -0.0430501 -0.0519521 0.226923 0.121832 0.0170946 -0.00246093 -0.0398788 0.0503461 0.027868 -0.0117024 0.0316423 -0.041451 -0.0179696 0.0145421 -0.00796025 0.0600609 -0.0121628 0.010346 0.0543415 NA
-0.0526731 -0.113078 1 -0.0997335 -0.151265 -0.0661605 -0.135865 0.0371549 -0.0430083 -0.0637972 -0.00889003 -0.0700179 0.106459 -0.0454599 -0.021108 0.0143715 0.0113324 0.0403659 -0.0690346 -0.0350522 -0.00282233 -0.0349195 0.00902919 -0.0140693 -0.038875 NA
0.0309568 0.0282732 -0.0997335 1 -0.0368562 -0.0609359 -0.0527973 -0.0488385 -0.00528745 -0.0246633 -0.00558699 0.0798722 -0.0350464 -0.00715017 0.0235752 0.0135988 -0.0524614 -0.000264557 0.00998673 0.0211638 0.00228637 0.0575859 -0.00060762 0.0298512 -0.00873719 NA
0.0205811 0.0392353 -0.151265 -0.0368562 1 0.141008 -0.0942005 0.0209724 -0.0338317 -0.0222922 0.0659188 -0.0403456 -0.0136458 0.0424095 0.0452635 -0.00099692 -0.0304342 -0.0129317 0.0354025 -0.0197631 0.0104339 -0.0297109 0.0448852 -0.0102832 0.01153 NA
-0.00888677 0.291328 -0.0661605 -0.0609359 0.141008 1 -0.14918 0.00688234 0.270295 0.118931 -0.0254306 0.00972594 -0.0365826 0.0417883 0.0813384 -0.03872 0.110413 -0.0458656 -0.0346875 0.0102367 0.0440222 0.0640402 0.00446686 0.00968565 0.0336261 NA
0.0351183 -0.0430501 -0.135865 -0.0527973 -0.0942005 -0.14918 1 -0.0638289 0.0414326 0.23128 -0.00160563 -0.0704074 -0.0405963 0.229886 0.162333 -0.0584319 0.00850476 -0.0353036 -0.0760791 -0.0491193 0.00340181 0.0586859 -1.82241e-05 -0.02661 0.0125078 NA
0.00300098 -0.0519521 0.0371549 -0.0488385 0.0209724 0.00688234 -0.0638289 1 -0.0787971 -0.284094 -0.0956824 -0.168952 -0.0702497 -0.141618 0.254371 0.202443 0.210999 -0.0365321 -0.038624 0.0140543 -0.00629856 -0.0112092 0.0211655 0.0839021 0.0347679 NA
-0.0103839 0.226923 -0.0430083 -0.00528745 -0.0338317 0.270295 0.0414326 -0.0787971 1 0.285489 -0.0220403 -0.0381188 -0.0404959 -0.0649922 -0.0975503 -0.0347495 0.264914 -0.0515782 -0.0396086 -0.00871654 -0.0665132 -0.0134533 -0.074371 0.0234328 0.0113418 NA
0.00570871 0.121832 -0.0637972 -0.0246633 -0.0222922 0.118931 0.23128 -0.284094 0.285489 1 -0.0783611 -0.135727 0.310091 0.0863602 0.0896467 -0.0804551 0.0725769 -0.118898 -0.0384946 -0.0473639 -0.0463502 -0.00809589 -0.0526768 -0.0361896 -0.0207065 NA
0.0516783 0.0170946 -0.00889003 -0.00558699 0.0659188 -0.0254306 -0.00160563 -0.0956824 -0.0220403 -0.0783611 1 -0.0722822 -0.0337386 -0.0453726 -0.110787 -0.0214182 -0.057282 -0.0624587 -0.0444874 0.0263113 -0.00298944 -0.0402813 0.0607749 -0.0037415 -0.0291831 NA
-0.0111068 -0.00246093 -0.0700179 0.0798722 -0.0403456 0.00972594 -0.0704074 -0.168952 -0.0381188 -0.135727 -0.0722822 1 -0.0567147 -0.166741 -0.110083 -0.0798406 -0.115353 0.159139 -0.081656 0.115203 -0.0235951 0.0464421 -0.0665646 -0.035801 0.0244829 NA
0.00272513 -0.0398788 0.106459 -0.0350464 -0.0136458 -0.0365826 -0.0405963 -0.0702497 -0.0404959 0.310091 -0.0337386 -0.0567147 1 -0.0665158 -0.0959266 -0.0162061 -0.0591923 -0.0767037 0.0459209 -0.0306725 -0.026764 -0.0181872 0.0580726 -0.0329238 -0.0238139 NA
0.0200522 0.0503461 -0.0454599 -0.00715017 0.0424095 0.0417883 0.229886 -0.141618 -0.0649922 0.0863602 -0.0453726 -0.166741 -0.0665158 1 0.24427 -0.0758594 -0.0255003 -0.0953792 -0.032612 -0.00289466 -0.00922089 0.0520146 0.0535944 -0.044997 0.0141356 NA
-0.00455398 0.027868 -0.021108 0.0235752 0.0452635 0.0813384 0.162333 0.254371 -0.0975503 0.0896467 -0.110787 -0.110083 -0.0959266 0.24427 1 -0.133735 0.196229 -0.298364 -0.1542 -0.0491301 0.0336592 0.0788192 -0.0252356 0.0155388 0.00739434 NA
-0.00449939 -0.0117024 0.0143715 0.0135988 -0.00099692 -0.03872 -0.0584319 0.202443 -0.0347495 -0.0804551 -0.0214182 -0.0798406 -0.0162061 -0.0758594 -0.133735 1 -0.0629144 -0.105041 -0.045359 0.128368 0.0225484 0.00622851 -0.0410336 0.0156076 -0.0145199 NA
-0.0174149 0.0316423 0.0113324 -0.0524614 -0.0304342 0.110413 0.00850476 0.210999 0.264914 0.0725769 -0.057282 -0.115353 -0.0591923 -0.0255003 0.196229 -0.0629144 1 -0.201648 -0.113587 -0.00571955 0.0179938 0.0151417 -0.052485 0.0530669 0.0247395 NA
0.00729866 -0.041451 0.0403659 -0.000264557 -0.0129317 -0.0458656 -0.0353036 -0.0365321 -0.0515782 -0.118898 -0.0624587 0.159139 -0.0767037 -0.0953792 -0.298364 -0.105041 -0.201648 1 -0.106502 -0.0889012 -0.189521 -0.0476507 0.13662 -0.0778418 -0.00429244 NA
-0.0230312 -0.0179696 -0.0690346 0.00998673 0.0354025 -0.0346875 -0.0760791 -0.038624 -0.0396086 -0.0384946 -0.0444874 -0.081656 0.0459209 -0.032612 -0.1542 -0.045359 -0.113587 -0.106502 1 0.008915 0.163191 -0.0221308 -0.0203966 0.0691457 -0.0280648 NA
0.0205027 0.0145421 -0.0350522 0.0211638 -0.0197631 0.0102367 -0.0491193 0.0140543 -0.00871654 -0.0473639 0.0263113 0.115203 -0.0306725 -0.00289466 -0.0491301 0.128368 -0.00571955 -0.0889012 0.008915 1 -0.147966 -0.0489817 -0.0661259 -0.0419539 0.00210689 NA
-0.0138496 -0.00796025 -0.00282233 0.00228637 0.0104339 0.0440222 0.00340181 -0.00629856 -0.0665132 -0.0463502 -0.00298944 -0.0235951 -0.026764 -0.00922089 0.0336592 0.0225484 0.0179938 -0.189521 0.163191 -0.147966 1 0.272543 0.0889085 0.074625 0.0213138 NA
0.014917 0.0600609 -0.0349195 0.0575859 -0.0297109 0.0640402 0.0586859 -0.0112092 -0.0134533 -0.00809589 -0.0402813 0.0464421 -0.0181872 0.0520146 0.0788192 0.00622851 0.0151417 -0.0476507 -0.0221308 -0.0489817 0.272543 1 0.253842 -0.0394442 0.120735 NA
0.0165464 -0.0121628 0.00902919 -0.00060762 0.0448852 0.00446686 -1.82241e-05 0.0211655 -0.074371 -0.0526768 0.0607749 -0.0665646 0.0580726 0.0535944 -0.0252356 -0.0410336 -0.052485 0.13662 -0.0203966 -0.0661259 0.0889085 0.253842 1 -0.0489746 -0.0360297 NA
-0.0155371 0.010346 -0.0140693 0.0298512 -0.0102832 0.00968565 -0.02661 0.0839021 0.0234328 -0.0361896 -0.0037415 -0.035801 -0.0329238 -0.044997 0.0155388 0.0156076 0.0530669 -0.0778418 0.0691457 -0.0419539 0.074625 -0.0394442 -0.0489746 1 0.0281846 NA
-0.0230149 0.0543415 -0.038875 -0.00873719 0.01153 0.0336261 0.0125078 0.0347679 0.0113418 -0.0207065 -0.0291831 0.0244829 -0.0238139 0.0141356 0.00739434 -0.0145199 0.0247395 -0.00429244 -0.0280648 0.00210689 0.0213138 0.120735 -0.0360297 0.0281846 1 NA
