1 0.0399633 -0.0725382 0.00652221 -0.0019283 -0.00940594 0.0168099 -0.00339247 0.0305682 0.0423752 -0.0108745 0.0444501 0.0242067 -0.0474318 0.0317092 -0.00569758
0.0399633 1 0.0203468 -0.0428857 -0.058745 -0.0387668 0.0231654 -0.0073184 0.0575776 0.0646149 -0.0307339 0.0582741 -0.0117754 -0.0196864 -0.0103602 0.0388496
-0.0725382 0.0203468 1 -0.0143317 -0.0241483 -0.0257591 -0.00321804 -0.0110046 -0.0301462 0.0520925 0.00526415 -0.068398 0.0489522 0.00662483 -0.0279152 0.00840016
0.00652221 -0.0428857 -0.0143317 1 0.0812455 -0.130014 0.312022 0.125692 -0.0199657 -0.0919149 -0.0845513 0.0288083 0.00165555 -0.0320711 0.0361201 -0.0314019
-0.0019283 -0.058745 -0.0241483 0.0812455 1 -0.150422 -0.0885161 -0.10874 -0.0187953 -0.058806 -0.0388224 0.00593878 -0.00352972 -0.0509716 -0.029094 0.0609418
-0.00940594 -0.0387668 -0.0257591 -0.130014 -0.150422 1 -0.188562 0.0908909 -0.0483145 0.102216 -0.0899843 -0.0561423 0.0326301 -0.0301998 0.0451736 0.0074728
0.0168099 0.0231654 -0.00321804 0.312022 -0.0885161 -0.188562 1 0.157849 -0.0254758 -0.072948 -0.0770155 0.100873 -0.00370691 -0.0277769 -0.0179184 -0.0415143
-0.00339247 -0.0073184 -0.0110046 0.125692 -0.10874 0.0908909 0.157849 1 0.0899848 -0.0638733 0.0149782 0.0612204 -0.0147767 -0.0408709 -0.00284062 0.0109878
0.0305682 0.0575776 -0.0301462 -0.0199657 -0.0187953 -0.0483145 -0.0254758 0.0899848 1 0.234319 -0.0204462 -0.0166183 -0.0189672 -0.0259012 0.0800153 0.00237613
0.0423752 0.0646149 0.0520925 -0.0919149 -0.058806 0.102216 -0.072948 -0.0638733 0.234319 1 0.0293668 -0.047957 0.0735648 -0.0313539 -0.0431438 0.00647006
-0.0108745 -0.0307339 0.00526415 -0.0845513 -0.0388224 -0.0899843 -0.0770155 0.0149782 -0.0204462 0.0293668 1 -0.063114 -0.110995 -0.0442259 -0.0914841 0.129979
0.0444501 0.0582741 -0.068398 0.0288083 0.00593878 -0.0561423 0.100873 0.0612204 -0.0166183 -0.047957 -0.063114 1 -0.272277 -0.0946134 0.160791 0.0836071
0.0242067 -0.0117754 0.0489522 0.00165555 -0.00352972 0.0326301 -0.00370691 -0.0147767 -0.0189672 0.0735648 -0.110995 -0.272277 1 -0.0896022 -0.278741 -0.179444
-0.0474318 -0.0196864 0.00662483 -0.0320711 -0.0509716 -0.0301998 -0.0277769 -0.0408709 -0.0259012 -0.0313539 -0.0442259 -0.0946134 -0.0896022 1 -0.0880393 -0.0804899
0.0317092 -0.0103602 -0.0279152 0.0361201 -0.029094 0.0451736 -0.0179184 -0.00284062 0.0800153 -0.0431438 -0.0914841 0.160791 -0.278741 -0.0880393 1 -0.0733789
-0.00569758 0.0388496 0.00840016 -0.0314019 0.0609418 0.0074728 -0.0415143 0.0109878 0.00237613 0.00647006 0.129979 0.0836071 -0.179444 -0.0804899 -0.0733789 1
