1 0.284502 -0.0786655 -0.034351 0.0601304 0.0145884
0.284502 1 0.0010554 -0.0564815 0.0443526 0.0531311
-0.0786655 0.0010554 1 0.0947995 -0.104114 -0.0720319
-0.034351 -0.0564815 0.0947995 1 0.177457 0.010559
0.0601304 0.0443526 -0.104114 0.177457 1 -0.0879946
0.0145884 0.0531311 -0.0720319 0.010559 -0.0879946 1
