1 -0.141282 -0.00265767 0.0187799 -0.0183169 0.0247769
-0.141282 1 0.0390449 -0.0265374 -0.0248346 0.00203637
-0.00265767 0.0390449 1 0.0196761 0.0304315 0.097404
0.0187799 -0.0265374 0.0196761 1 0.197144 -0.0873581
-0.0183169 -0.0248346 0.0304315 0.197144 1 0.0668866
0.0247769 0.00203637 0.097404 -0.0873581 0.0668866 1
