1 -0.0411732 0.131076 -0.0436242 -0.0375716 0.0442646 -0.106079 0.0566459 -0.0351708 0.0434504 -0.0383511
-0.0411732 1 0.170311 0.091271 0.0795518 -0.126812 -0.0282424 0.0890823 -0.0260397 -0.0336411 0.0494253
0.131076 0.170311 1 -0.0712628 0.104269 0.157338 -0.127543 0.0603236 -0.0561671 0.0193549 0.0672636
-0.0436242 0.091271 -0.0712628 1 -0.0847295 -0.227432 -0.144549 0.0566313 -0.0057853 -0.0136423 -0.0178612
-0.0375716 0.0795518 0.104269 -0.0847295 1 -0.294837 -0.0669823 0.0322971 -0.0465447 0.032455 0.115119
0.0442646 -0.126812 0.157338 -0.227432 -0.294837 1 0.0484608 -0.122911 -0.0230764 0.00373559 0.0550077
-0.106079 -0.0282424 -0.127543 -0.144549 -0.0669823 0.0484608 1 -0.208638 0.15063 -0.0134704 -0.0328371
0.0566459 0.0890823 0.0603236 0.0566313 0.0322971 -0.122911 -0.208638 1 -0.288847 -0.0194137 0.116894
-0.0351708 -0.0260397 -0.0561671 -0.0057853 -0.0465447 -0.0230764 0.15063 -0.288847 1 -0.203264 -0.0594895
0.0434504 -0.0336411 0.0193549 -0.0136423 0.032455 0.00373559 -0.0134704 -0.0194137 -0.203264 1 -0.112715
-0.0383511 0.0494253 0.0672636 -0.0178612 0.115119 0.0550077 -0.0328371 0.116894 -0.0594895 -0.112715 1
