1 -0.0271894 0.0980933 -0.0352389 -0.0191281 -0.109116 -0.0428822 -0.0173123 -0.035295 0.089567 -0.0351611 -0.0462433 -0.00762848 0.0818777 -0.0274998 -0.02685
-0.0271894 1 0.229655 0.0804053 -0.0574649 -0.0688449 -0.0490342 -0.0271562 -0.0351745 0.049906 -0.0399298 -0.044478 0.0190302 -0.00766305 0.0287391 -0.042959
0.0980933 0.229655 1 -0.0951351 0.131906 -0.0431365 -0.0126524 -0.151784 0.0697957 0.036003 -0.0734082 -0.0762483 0.00051313 0.0184944 -0.00445687 -0.0417296
-0.0352389 0.0804053 -0.0951351 1 0.00082962 0.21741 -0.0432717 -0.0580583 -0.00555862 -0.135304 -0.0302905 -0.00699879 -0.0309175 -0.0431172 -0.0346613 -0.0193553
-0.0191281 -0.0574649 0.131906 0.00082962 1 -0.119784 -0.068109 -0.0417595 -0.0477534 0.144614 -0.0233544 -0.0472751 -0.0194546 -0.0596395 -0.0338969 -0.0361172
-0.109116 -0.0688449 -0.0431365 0.21741 -0.119784 1 0.271141 -0.1588 -0.205306 -0.210314 -0.0819049 0.0440282 0.008174 -0.0368779 0.0312333 0.0524143
-0.0428822 -0.0490342 -0.0126524 -0.0432717 -0.068109 0.271141 1 -0.130881 -0.285839 -0.302216 -0.112499 0.15289 0.0069461 -0.135365 0.0017584 0.022109
-0.0173123 -0.0271562 -0.151784 -0.0580583 -0.0417595 -0.1588 -0.130881 1 -0.2057 0.248191 -0.0907924 0.136886 0.00703044 -0.108196 -0.00607315 -0.0185206
-0.035295 -0.0351745 0.0697957 -0.00555862 -0.0477534 -0.205306 -0.285839 -0.2057 1 -0.291359 0.284654 -0.149333 0.0629444 0.0356484 0.0561502 0.0420901
0.089567 0.049906 0.036003 -0.135304 0.144614 -0.210314 -0.302216 0.248191 -0.291359 1 -0.218779 -0.0975079 -0.0358916 -0.101215 0.139741 0.144443
-0.0351611 -0.0399298 -0.0734082 -0.0302905 -0.0233544 -0.0819049 -0.112499 -0.0907924 0.284654 -0.218779 1 -0.150802 -0.047678 0.137226 -0.0372137 -0.0491369
-0.0462433 -0.044478 -0.0762483 -0.00699879 -0.0472751 0.0440282 0.15289 0.136886 -0.149333 -0.0975079 -0.150802 1 0.198394 0.225203 0.0888429 0.142778
-0.00762848 0.0190302 0.00051313 -0.0309175 -0.0194546 0.008174 0.0069461 0.00703044 0.0629444 -0.0358916 -0.047678 0.198394 1 0.166438 -0.0368761 -0.0401528
0.0818777 -0.00766305 0.0184944 -0.0431172 -0.0596395 -0.0368779 -0.135365 -0.108196 0.0356484 -0.101215 0.137226 0.225203 0.166438 1 0.156163 -0.257565
-0.0274998 0.0287391 -0.00445687 -0.0346613 -0.0338969 0.0312333 0.0017584 -0.00607315 0.0561502 0.139741 -0.0372137 0.0888429 -0.0368761 0.156163 1 -0.0706288
-0.02685 -0.042959 -0.0417296 -0.0193553 -0.0361172 0.0524143 0.022109 -0.0185206 0.0420901 0.144443 -0.0491369 0.142778 -0.0401528 -0.257565 -0.0706288 1
