1 0.211948 -0.106439 0.121948 0.0426568 0.125603 -0.03622 -0.0151144
0.211948 1 -0.141889 0.226048 -0.12313 -0.0849938 0.243223 -0.0536886
-0.106439 -0.141889 1 -0.267346 -0.109005 0.069772 -0.15594 0.019964
0.121948 0.226048 -0.267346 1 0.214683 0.00658273 0.207281 -0.0832749
0.0426568 -0.12313 -0.109005 0.214683 1 0.0597216 0.115947 -0.110207
0.125603 -0.0849938 0.069772 0.00658273 0.0597216 1 -0.154333 -0.097611
-0.03622 0.243223 -0.15594 0.207281 0.115947 -0.154333 1 -0.306225
-0.0151144 -0.0536886 0.019964 -0.0832749 -0.110207 -0.097611 -0.306225 1
