1 -0.108761 -0.0843599 -0.115607 -0.0735213 0.0377061 -0.0445347 -0.038488 -0.0129444 -0.0583981 0.0348516 0.0273918 -0.0300043 -0.0484455 -0.0299414 -0.00983828 -0.0332407 -0.0570956 -0.0086672 0.0442336 NA
-0.108761 1 -0.0450622 -0.0575239 -0.091984 -0.0999366 -0.0866678 -0.0431932 0.118439 -0.0386776 0.0940292 -0.02389 0.00545172 -0.0302477 0.231264 0.0895795 -0.0108051 -0.0101705 0.0364879 -0.0327861 NA
-0.0843599 -0.0450622 1 -0.0646676 0.187978 -0.0967883 -0.0332169 -0.0309942 0.0602093 -0.0469797 -0.0463329 -0.0431255 0.0102589 0.0048453 0.00661827 0.00320733 0.00118471 0.0605844 0.0122718 -0.0200232 NA
-0.115607 -0.0575239 -0.0646676 1 -0.123811 -0.111169 -0.0462562 0.0562011 -0.0319509 -0.0486202 0.0556549 -0.0278813 -0.00478333 -0.0335719 -0.0275454 0.033552 -0.0494298 -0.0432094 -0.0285831 -0.0545639 NA
-0.0735213 -0.091984 0.187978 -0.123811 1 -0.197242 -0.0581296 -0.0515274 -0.105245 -0.127264 -0.0380569 0.0538667 0.108279 -0.018927 -0.0695258 0.0393027 -0.0164319 0.0450813 -0.0368552 -0.0145592 NA
0.0377061 -0.0999366 -0.0967883 -0.111169 -0.197242 1 0.176067 -0.0712821 -0.0599291 0.197876 -0.0350127 -0.010645 -0.0163139 0.108503 0.0504595 -0.0506887 -0.0208226 -0.0456139 0.069182 0.0251782 NA
-0.0445347 -0.0866678 -0.0332169 -0.0462562 -0.0581296 0.176067 1 -0.114882 -0.150606 0.101034 0.0522788 0.0958955 -0.0220335 0.0524417 0.0404637 0.0389528 0.143984 -0.0991403 0.0277891 0.0479453 NA
-0.038488 -0.0431932 -0.0309942 0.0562011 -0.0515274 -0.0712821 -0.114882 1 0.206833 0.28047 -0.0665552 -0.0112853 -0.00947139 -0.0115158 -0.0408513 -0.0269121 -0.0190439 -0.0462546 -0.0230699 -0.023082 NA
-0.0129444 0.118439 0.0602093 -0.0319509 -0.105245 -0.0599291 -0.150606 0.206833 1 0.285747 -0.156752 -0.053976 -0.0864124 -0.0518875 0.173031 0.0234539 -0.0836442 0.10097 0.00886929 -0.0812809 NA
-0.0583981 -0.0386776 -0.0469797 -0.0486202 -0.127264 0.197876 0.101034 0.28047 0.285747 1 -0.308169 -0.0756016 -0.0476378 -0.0362577 0.0627957 -0.0702029 -0.0749263 0.158883 -0.00181171 -0.0751121 NA
0.0348516 0.0940292 -0.0463329 0.0556549 -0.0380569 -0.0350127 0.0522788 -0.0665552 -0.156752 -0.308169 1 -0.110689 0.158886 -0.0709934 0.0639757 0.115354 0.169198 -0.128596 -0.0075753 0.107272 NA
0.0273918 -0.02389 -0.0431255 -0.0278813 0.0538667 -0.010645 0.0958955 -0.0112853 -0.053976 -0.0756016 -0.110689 1 0.0128257 -0.0233323 -0.0418609 -0.00181937 -0.0336871 -0.0193268 0.0791537 -0.0165775 NA
-0.0300043 0.00545172 0.0102589 -0.00478333 0.108279 -0.0163139 -0.0220335 -0.00947139 -0.0864124 -0.0476378 0.158886 0.0128257 1 -0.0135322 -0.0169413 -0.0437224 -0.00623034 0.153601 -0.0241142 0.0663988 NA
-0.0484455 -0.0302477 0.0048453 -0.0335719 -0.018927 0.108503 0.0524417 -0.0115158 -0.0518875 -0.0362577 -0.0709934 -0.0233323 -0.0135322 1 -0.0236624 -0.0315018 -0.00250729 -0.0279015 -0.0413488 -0.0281906 NA
-0.0299414 0.231264 0.00661827 -0.0275454 -0.0695258 0.0504595 0.0404637 -0.0408513 0.173031 0.0627957 0.0639757 -0.0418609 -0.0169413 -0.0236624 1 -0.0427187 -0.0393363 -0.0393974 0.260267 -0.100135 NA
-0.00983828 0.0895795 0.00320733 0.033552 0.0393027 -0.0506887 0.0389528 -0.0269121 0.0234539 -0.0702029 0.115354 -0.00181937 -0.0437224 -0.0315018 -0.0427187 1 -0.0471121 -0.0537448 0.0491533 -0.0594967 NA
-0.0332407 -0.0108051 0.00118471 -0.0494298 -0.0164319 -0.0208226 0.143984 -0.0190439 -0.0836442 -0.0749263 0.169198 -0.0336871 -0.00623034 -0.00250729 -0.0393363 -0.0471121 1 -0.056156 -0.0680103 0.200853 NA
-0.0570956 -0.0101705 0.0605844 -0.0432094 0.0450813 -0.0456139 -0.0991403 -0.0462546 0.10097 0.158883 -0.128596 -0.0193268 0.153601 -0.0279015 -0.0393974 -0.0537448 -0.056156 1 -0.117292 -0.00168599 NA
-0.0086672 0.0364879 0.0122718 -0.0285831 -0.0368552 0.069182 0.0277891 -0.0230699 0.00886929 -0.00181171 -0.0075753 0.0791537 -0.0241142 -0.0413488 0.260267 0.0491533 -0.0680103 -0.117292 1 -0.109154 NA
0.0442336 -0.0327861 -0.0200232 -0.0545639 -0.0145592 0.0251782 0.0479453 -0.023082 -0.0812809 -0.0751121 0.107272 -0.0165775 0.0663988 -0.0281906 -0.100135 -0.0594967 0.200853 -0.00168599 -0.109154 1 NA
